12	94	0.005619	0.000000	0.005000	0.005000	0.900000	916	0	360000	1	2	0.000000
12	84	0.005114	0.000000	0.005000	0.005000	0.900000	1041	0	360000	1	2	0.000000
12	86	0.005522	0.000000	0.005000	0.005000	0.900000	960	0	360000	1	2	0.000000
12	84	0.005339	0.000000	0.005000	0.005000	0.900000	975	0	360000	1	2	0.000000
12	94	0.005329	0.000000	0.005000	0.005000	0.900000	986	0	360000	1	2	0.000000
12	95	0.005634	0.000000	0.005000	0.005000	0.900000	907	0	360000	1	2	0.000000
12	89	0.005624	0.000000	0.005000	0.005000	0.900000	942	0	360000	1	2	0.000000
12	1	-nan	0.000000	0.005000	0.005000	0.900000	1	0	360000	1	2	0.000000
12	90	0.005032	0.000000	0.005000	0.005000	0.900000	870	0	360000	1	2	0.000000
12	93	0.005868	0.000000	0.005000	0.005000	0.900000	984	0	360000	1	2	0.000000
12	90	0.005042	0.000000	0.005000	0.005000	0.900000	855	0	360000	1	2	0.000000
12	88	0.005170	0.000000	0.005000	0.005000	0.900000	871	0	360000	1	2	0.000000
12	92	0.005246	0.000000	0.005000	0.005000	0.900000	968	0	360000	1	2	0.000000
12	86	0.005089	0.000000	0.005000	0.005000	0.900000	1032	0	360000	1	2	0.000000
12	78	0.005110	0.000000	0.005000	0.005000	0.900000	843	0	360000	1	2	0.000000
12	82	0.006102	0.000000	0.005000	0.005000	0.900000	906	0	360000	1	2	0.000000
12	86	0.005090	0.000000	0.005000	0.005000	0.900000	878	0	360000	1	2	0.000000
12	85	0.005294	0.000000	0.005000	0.005000	0.900000	1061	0	360000	1	2	0.000000
12	63	0.005749	0.000000	0.005000	0.005000	0.900000	318	0	142600	1	2	0.000000
12	46	0.004082	0.000000	0.005000	0.005000	0.900000	166	0	63695	1	2	0.000000
12	35	0.003965	0.000000	0.005000	0.005000	0.900000	79	0	24533	1	2	0.000000
12	42	0.003513	0.000000	0.005000	0.005000	0.900000	124	0	42979	1	2	0.000000
